	"PHY"	"MAC"	"PZO"	"ZOO"	"BEN"	"FLO"	"PLA"	"HER"	"SPR"	"COD"	"MMA"	"BAC"	"POC"	"DOC"	"SED"
"PHY"	0	0	0	0	0	0	0	0	0	0	0	0	0	0	0
"MAC"	0	0	0	0	0	0	0	0	0	0	0	0	0	0	0
"PZO"	0.4	0	-1	0	0	0	0	0	0	0	0	0.3	0.05	0.05	0
"ZOO"	0.4	0	0.9	-1	0	0	0	0	0	0	0	0.1	0	0	0
"BEN"	0.01	0.8	0.02	0.08	-1	0	0	0	0	0	0	0.3	0	0	0
"FLO"	0	0	0	0.1	0.4	-1	0	0	0	0	0	0	0	0	0
"PLA"	0	0	0	0	0.4	0	-1	0	0	0	0	0	0	0	0
"HER"	0	0	0	0.4	0	0	0	-1	0	0	0	0	0	0	0
"SPR"	0	0	0	0.4	0	0	0	0	-1	0	0	0	0	0	0
"COD"	0	0	0	0	0	0.75	0.75	0.5	0.5	-1	0	0	0	0	0
"MMA"	0	0	0	0	0.05	0.05	0.05	0.48	0.48	0.98	-1	0	0	0	0
"BAC"	0	0	0	0	0	0	0	0	0	0	0	-1	0.5	0.95	0
"POC"	0.09	0.1	0.08	0.01	0.1	0.1	0.1	0.01	0.01	0.01	0.99	0.05	-1	0	0
"DOC"	0.1	0.1	0.08	0.01	0.05	0.1	0.1	0.1	0.01	0.01	0.01	0.05	0	-1	0
"SED"	0	0	0	0	0	0	0	0	0	0	0	0	0.5	0	-1